# oST version 5.0 parameters


[image]

width
640

height
480

[narrow_stereo/left]

camera matrix
1086.569561 0.000000 359.396635
0.000000 830.342321 227.637024
0.000000 0.000000 1.000000

distortion
0.095862 1.267249 0.002377 0.000967 0.000000

rectification
0.792663 0.011737 0.609547
0.013634 0.999223 -0.036972
-0.609507 0.037617 0.791887

projection
930.009343 0.000000 -310.209211 0.000000
0.000000 930.009343 267.129143 0.000000
0.000000 0.000000 1.000000 0.000000
# oST version 5.0 parameters


[image]

width
640

height
480

[narrow_stereo/right]

camera matrix
1029.159285 0.000000 409.734592
0.000000 779.470284 291.031505
0.000000 0.000000 1.000000

distortion
0.159904 0.099552 0.045093 0.026736 0.000000

rectification
0.767144 -0.042989 0.640033
0.016130 0.998729 0.047749
-0.641272 -0.026306 0.766863

projection
930.009343 0.000000 -310.209211 -254.223585
0.000000 930.009343 267.129143 0.000000
0.000000 0.000000 1.000000 0.000000
